# timestamp tx ty tz qx qy qz qw
1655404873.530040979385 
 position: 0.040363658220 0.040363658220 0.046062256576 -0.676157001217 -0.021755085235 -2.341097570872 0.053705429806 1.617134918238 0.711761099976 
             velocity: 0.000000000000 0.000000000000 0.365978462283 0.471736648786 -0.239355580662 0.006611824679 0.129718385359 0.448278631506 -0.240380087692 
1655404873.531019926071 
 position: 0.040363658220 0.040363658220 0.046835499697 -0.675158948561 -0.022260557967 -2.341068747271 0.054003612493 1.618040983792 0.711274064765 
             velocity: 0.000000000000 0.000000000000 0.375797900975 0.488209131375 -0.243320454079 0.010796329206 0.138987755859 0.446150080030 -0.237644433600 
1655404873.532025098801 
 position: 0.040363658220 0.040363658220 0.047226750522 -0.674636867160 -0.022509408748 -2.341056160844 0.054162193831 1.618524154295 0.711018830517 
             velocity: 0.000000000000 0.000000000000 0.381182206037 0.500073690712 -0.245029641873 0.012787852772 0.144127638172 0.455331028544 -0.245296515834 
1655404873.533020973206 
 position: 0.040363658220 0.040363658220 0.047625607206 -0.674129793392 -0.022765392270 -2.341042569724 0.054324306080 1.619020021810 0.710755652696 
             velocity: 0.000000000000 0.000000000000 0.388184960096 0.504858145740 -0.248954435643 0.011365411520 0.148764881493 0.459989251672 -0.255823199953 
1655404873.534023046494 
 position: 0.040363658220 0.040363658220 0.047625607206 -0.674129793392 -0.022765392270 -2.341042569724 0.054324306080 1.619020021810 0.710755652696 
             velocity: 0.000000000000 0.000000000000 0.388184960096 0.504858145740 -0.248954435643 0.011365411520 0.148764881493 0.459989251672 -0.255823199953 
1655404873.536587953568 
 position: 0.040363658220 0.040363658220 0.049266635590 -0.672061646923 -0.023809063720 -2.340995841196 0.054944746184 1.620958666789 0.709686011862 
             velocity: 0.000000000000 0.000000000000 0.410362326988 0.516124542398 -0.259703841229 0.009688062082 0.149705455749 0.475203481392 -0.268089049884 
1655404873.536742925644 
 position: 0.040363658220 0.040363658220 0.049266635590 -0.672061646923 -0.023809063720 -2.340995841196 0.054944746184 1.620958666789 0.709686011862 
             velocity: 0.000000000000 0.000000000000 0.410362326988 0.516124542398 -0.259703841229 0.009688062082 0.149705455749 0.475203481392 -0.268089049884 
1655404873.537085056305 
 position: 0.040363658220 0.040363658220 0.049697105761 -0.671534664654 -0.024073970656 -2.340980445177 0.055098161327 1.621448636545 0.709415142119 
             velocity: 0.000000000000 0.000000000000 0.415028130339 0.514805083547 -0.257660435637 0.010739506194 0.152984129222 0.475204833886 -0.270470927719 
1655404873.538006067276 
 position: 0.040363658220 0.040363658220 0.049697105761 -0.671534664654 -0.024073970656 -2.340980445177 0.055098161327 1.621448636545 0.709415142119 
             velocity: 0.000000000000 0.000000000000 0.415028130339 0.514805083547 -0.257660435637 0.010739506194 0.152984129222 0.475204833886 -0.270470927719 
1655404873.539041042328 
 position: 0.040363658220 0.040363658220 0.049697105761 -0.671534664654 -0.024073970656 -2.340980445177 0.055098161327 1.621448636545 0.709415142119 
             velocity: 0.000000000000 0.000000000000 0.415028130339 0.514805083547 -0.257660435637 0.010739506194 0.152984129222 0.475204833886 -0.270470927719 
